2023/11/23 22:14:44,100
